0.012890625 0.0019032955169677734
0.012890625 0.003818988800048828
0.012890625 0.005551815032958984
0.012890625 0.00752711296081543
0.012890625 0.0092315673828125
0.012890625 0.010992050170898438
0.012890625 0.012713432312011719
0.02578125 0.015095233917236328
0.02578125 0.017461538314819336
0.02578125 0.01982736587524414
0.02578125 0.022190093994140625
0.012890625 0.02382206916809082
0.02578125 0.026280879974365234
0.02578125 0.02873373031616211
0.02578125 0.031154394149780273
0.02578125 0.03351783752441406
0.038671874999999994 0.0370488166809082
0.02578125 0.03992652893066406
0.012890625 0.041966915130615234
0.02578125 0.044645071029663086
0.02578125 0.0474400520324707
0.038671874999999994 0.05097675323486328
0.038671874999999994 0.05444931983947754
0.02578125 0.05686450004577637
0.02578125 0.059407949447631836
0.02578125 0.06206774711608887
0.02578125 0.06444001197814941
0.02578125 0.06698751449584961
0.038671874999999994 0.07047629356384277
0.02578125 0.07334375381469727
0.038671874999999994 0.07699346542358398
0.02578125 0.07966375350952148
0.0515625 0.08359313011169434
0.0515625 0.08750796318054199
0.0515625 0.09142112731933594
0.038671874999999994 0.09465932846069336
0.0515625 0.09858226776123047
0.0515625 0.1024932861328125
0.038671874999999994 0.10562372207641602
0.064453125 0.11030960083007812
0.0515625 0.11429405212402344
0.064453125 0.11901736259460449
0.0515625 0.12293267250061035
0.064453125 0.12762093544006348
0.0515625 0.1315305233001709
0.064453125 0.1362161636352539
0.0515625 0.14031100273132324
0.0515625 0.14454317092895508
0.07734374999999999 0.15013647079467773
0.07734374999999999 0.15561342239379883
0.064453125 0.16042232513427734
0.064453125 0.16515588760375977
0.07734374999999999 0.17062783241271973
0.07734374999999999 0.17609930038452148
0.064453125 0.18079042434692383
0.09023437499999999 0.18703508377075195
0.064453125 0.1917247772216797
0.09023437499999999 0.19797110557556152
0.09023437499999999 0.2044363021850586
0.07734374999999999 0.20996308326721191
0.103125 0.21706461906433105
0.07734374999999999 0.2226576805114746
0.09023437499999999 0.22896933555603027
0.09023437499999999 0.23548412322998047
0.07734374999999999 0.24124956130981445
0.103125 0.24913763999938965
0.103125 0.25649309158325195
0.103125 0.2636404037475586
0.103125 0.270801305770874
0.116015625 0.2786707878112793
0.116015625 0.28676652908325195
0.103125 0.29387617111206055
0.116015625 0.3019726276397705
0.116015625 0.3097805976867676
0.116015625 0.31819677352905273
0.116015625 0.32633471488952637
0.12890625 0.3356032371520996
0.12890625 0.3444645404815674
0.116015625 0.3527648448944092
0.12890625 0.36275577545166016
0.12890625 0.3722541332244873
0.141796875 0.3822667598724365
0.141796875 0.39225149154663086
0.15468749999999998 0.4031035900115967
0.15468749999999998 0.4143869876861572
0.15468749999999998 0.42461347579956055
0.15468749999999998 0.4350087642669678
0.167578125 0.4461541175842285
0.15468749999999998 0.4563603401184082
0.18046874999999998 0.4682486057281494
0.167578125 0.47942519187927246
0.18046874999999998 0.4912590980529785
0.18046874999999998 0.5031571388244629
0.18046874999999998 0.5151093006134033
0.193359375 0.5277488231658936
0.18046874999999998 0.5395979881286621
0.193359375 0.5523397922515869
0.193359375 0.565140962600708
0.20625 0.5786693096160889
0.20625 0.5921170711517334
0.20625 0.605701208114624
0.21914062499999998 0.6200573444366455
0.21914062499999998 0.6343972682952881
0.21914062499999998 0.6487095355987549
0.23203125 0.6637938022613525
0.23203125 0.6788699626922607
0.2578125 0.6956384181976318
0.23203125 0.7109899520874023
0.24492187499999998 0.7275004386901855
0.24492187499999998 0.7440409660339355
0.24492187499999998 0.7610938549041748
0.24492187499999998 0.7775778770446777
0.270703125 0.7954330444335938
0.270703125 0.8131890296936035
0.28359375 0.8319046497344971
0.29648437499999997 0.8528528213500977
0.29648437499999997 0.8728804588317871
0.30937499999999996 0.8931879997253418
0.30937499999999996 0.913837194442749
0.322265625 0.9351842403411865
0.30937499999999996 0.9553110599517822
0.322265625 0.976301908493042
0.33515625 0.9983747005462646
0.322265625 1.0193731784820557
0.33515625 1.0406053066253662
0.36093749999999997 1.0632202625274658
0.36093749999999997 1.0858547687530518
0.348046875 1.1076574325561523
0.37382812499999996 1.1310760974884033
0.37382812499999996 1.1544950008392334
0.38671875 1.1786973476409912
0.38671875 1.202897071838379
0.399609375 1.2279026508331299
0.399609375 1.2529575824737549
0.42539062499999997 1.2797825336456299
0.43828124999999996 1.3070533275604248
0.43828124999999996 1.3349528312683105
0.42539062499999997 1.3637917041778564
0.451171875 1.3919315338134766
0.451171875 1.4200024604797363
0.476953125 1.4496815204620361
0.476953125 1.4794893264770508
0.48984374999999997 1.5099339485168457
0.48984374999999997 1.5403969287872314
0.48984374999999997 1.5708353519439697
0.502734375 1.6020526885986328
0.5285156249999999 1.6348237991333008
0.5285156249999999 1.6675984859466553
0.5285156249999999 1.7003874778747559
0.5285156249999999 1.7345311641693115
0.554296875 1.7708861827850342
0.5671875 1.8080720901489258
0.554296875 1.8453850746154785
0.580078125 1.8836219310760498
0.5929687499999999 1.9219343662261963
0.5929687499999999 1.960667610168457
0.6187499999999999 2.0002987384796143
0.631640625 2.042055368423462
0.64453125 2.086341619491577
0.6574218749999999 2.1284661293029785
0.6703125 2.1708791255950928
0.6832031249999999 2.214271068572998
0.6832031249999999 2.258328676223755
0.69609375 2.3031444549560547
0.69609375 2.3489367961883545
0.7218749999999999 2.3962018489837646
0.7218749999999999 2.4424407482147217
0.7476562499999999 2.4900972843170166
0.7476562499999999 2.538090229034424
0.760546875 2.588275671005249
0.760546875 2.636967658996582
0.79921875 2.6878223419189453
0.79921875 2.739250898361206
0.8121093749999999 2.791430950164795
0.8121093749999999 2.8445541858673096
0.8507812499999999 2.900279998779297
0.8507812499999999 2.9544830322265625
0.863671875 3.0090057849884033
0.889453125 3.0659964084625244
0.90234375 3.123983383178711
0.90234375 3.184638738632202
0.928125 3.2440199851989746
0.9410156249999999 3.3043160438537598
0.95390625 3.369047164916992
0.966796875 3.431025505065918
0.9796874999999999 3.4932477474212646
1.00546875 3.5575923919677734
1.018359375 3.622926950454712
1.018359375 3.6881747245788574
1.044140625 3.756040334701538
1.0570312499999999 3.823626756668091
1.0828125 3.8946080207824707
1.095703125 3.9645698070526123
1.10859375 4.0349507331848145
1.1214843749999999 4.106655120849609
1.134375 4.179209232330322
1.134375 4.251796245574951
1.16015625 4.325937032699585
1.1859374999999999 4.405165433883667
1.198828125 4.481369733810425
1.21171875 4.558453798294067
1.2374999999999998 4.637516498565674
1.2503906249999999 4.717351913452148
1.2503906249999999 4.797240257263184
1.2890625 4.882505655288696
1.2890625 4.965628147125244
1.3148437499999999 5.048717021942139
1.340625 5.133461236953735
1.340625 5.219090461730957
1.3664062499999998 5.306390762329102
1.3792968749999999 5.39876389503479
1.405078125 5.488096714019775
1.405078125 5.578449487686157
1.4308593749999998 5.669632911682129
1.4437499999999999 5.761705160140991
1.46953125 5.8575403690338135
1.482421875 5.952829837799072
1.4953124999999998 6.047674179077148
1.52109375 6.1406333446502686
1.533984375 6.234828472137451
1.546875 6.329237937927246
1.5597656249999998 6.426027536392212
1.585546875 6.522965431213379
1.5984375 6.620546579360962
1.6242187499999998 6.71969747543335
1.6371093749999999 6.825397968292236
1.65 6.930744409561157
1.662890625 7.036369323730469
1.67578125 7.145177364349365
1.6886718749999998 7.251685380935669
1.72734375 7.365160226821899
1.72734375 7.4750330448150635
1.3019531249999998 7.557704210281372
1.7660156249999999 7.6702446937561035
1.7660156249999999 7.782794713973999
1.8046875 7.904790163040161
1.8175781249999998 8.021233558654785
1.8304687499999999 8.137758493423462
1.843359375 8.25506043434143
1.85625 8.375913858413696
1.8820312499999998 8.49559760093689
1.9078125 8.618046283721924
1.9078125 8.7394540309906
1.93359375 8.865390062332153
1.93359375 8.988291263580322
1.9593749999999999 9.112993240356445
1.98515625 9.242598295211792
1.998046875 9.372422933578491
2.0109375 9.50026273727417
2.0109375 9.628585577011108
2.023828125 9.759885549545288
2.0496093749999997 9.890907764434814
2.075390625 10.022294044494629
2.08828125 10.155157804489136
2.1140624999999997 10.289701461791992
2.1140624999999997 10.428108215332031
2.13984375 10.564038515090942
2.152734375 10.701006174087524
2.165625 10.838957786560059
2.165625 10.979753255844116
2.19140625 11.130975484848022
2.2171875 11.292139291763306
2.2171875 11.443435192108154
2.2429687499999997 11.594787359237671
2.255859375 11.737830877304077
2.255859375 11.881750106811523
2.281640625 12.02712368965149
2.3074218749999997 12.176130056381226
2.3074218749999997 12.322711706161499
2.333203125 12.473469972610474
2.333203125 12.62184190750122
2.358984375 12.767611265182495
2.3718749999999997 12.91457486152649
2.3718749999999997 13.059881687164307
2.384765625 13.209526777267456
2.39765625 13.374350547790527
2.410546875 13.533263444900513
2.4234375 13.695649147033691
2.4363281249999997 13.862345457077026
2.462109375 14.012192010879517
2.4749999999999996 14.162724256515503
2.487890625 14.314568519592285
2.5007812499999997 14.466772079467773
2.5007812499999997 14.619921684265137
2.513671875 14.779111862182617
2.5265625 14.940057516098022
2.5394531249999996 15.101316690444946
2.55234375 15.263310194015503
2.5652343749999997 15.426456451416016
2.5652343749999997 15.589618682861328
2.591015625 15.7540602684021
2.6039062499999996 15.919519662857056
2.6039062499999996 16.082390546798706
2.616796875 16.24181318283081
2.616796875 16.401256561279297
2.6296874999999997 16.56135082244873
2.642578125 16.72355318069458
2.65546875 16.892117500305176
2.65546875 17.0609073638916
2.68125 17.231682538986206
2.6941406249999997 17.40267515182495
2.6941406249999997 17.573805332183838
2.6941406249999997 17.74488353729248
0.825 17.797855138778687
2.719921875 17.97042202949524
2.7328124999999996 18.144151210784912
2.7328124999999996 18.31790566444397
2.745703125 18.492183208465576
2.7585937499999997 18.667874574661255
2.7585937499999997 18.843068599700928
2.771484375 19.019216537475586
2.771484375 19.195082426071167
2.784375 19.37251329421997
2.784375 19.548078060150146
2.7972656249999996 19.72581648826599
2.7972656249999996 19.903263568878174
2.81015625 20.081657886505127
2.81015625 20.26015281677246
2.8230468749999997 20.43966794013977
2.8359375 20.62030005455017
2.8359375 20.800515174865723
2.848828125 20.981533527374268
2.8617187499999996 21.163334608078003
2.8617187499999996 21.34509301185608
2.874609375 21.527876377105713
2.874609375 21.71034288406372
2.874609375 21.89278769493103
2.8874999999999997 22.07645583152771
2.900390625 22.261023998260498
2.900390625 22.44500494003296
2.91328125 22.630146265029907
2.91328125 22.8149631023407
2.91328125 23.00076723098755
2.9390625 23.187055826187134
2.9390625 23.37356734275818
2.9390625 23.56057381629944
2.9390625 23.747868299484253
2.9519531249999997 23.93665647506714
2.9390625 24.123114109039307
2.9519531249999997 24.311205625534058
2.96484375 24.499584674835205
2.96484375 24.68785810470581
2.977734375 24.877187252044678
2.96484375 25.065298557281494
2.977734375 25.25418519973755
2.977734375 25.443224668502808
3.003515625 25.633934497833252
3.003515625 25.828662872314453
3.003515625 26.019797325134277
3.003515625 26.21048617362976
2.9906249999999996 26.40069031715393
3.003515625 26.595479726791382
3.003515625 26.77987837791443
3.029296875 26.964126110076904
3.0164062499999997 27.147496700286865
3.0164062499999997 27.334699153900146
3.029296875 27.527005195617676
3.029296875 27.719420671463013
3.0421875 27.912554264068604
3.029296875 28.105679035186768
3.0550781249999996 28.29969334602356
3.0550781249999996 28.499890565872192
3.06796875 28.695026397705078
3.0550781249999996 28.888821363449097
3.0550781249999996 29.082887411117554
3.06796875 29.277841329574585
3.0550781249999996 29.47162675857544
3.06796875 29.666243314743042
3.0808593749999997 29.861701250076294
3.0808593749999997 30.05732297897339
3.0808593749999997 30.255073070526123
3.09375 30.451355695724487
3.0808593749999997 30.64734387397766
3.0808593749999997 30.842738389968872
3.0808593749999997 31.038350582122803
3.0808593749999997 31.23538064956665
3.106640625 31.432652235031128
3.09375 31.63085675239563
3.106640625 31.827941417694092
3.106640625 32.026206731796265
3.106640625 32.22474718093872
3.09375 32.421417236328125
3.106640625 32.618436336517334
3.106640625 32.81564974784851
3.1195312499999996 33.013988971710205
3.106640625 33.21256160736084
3.1195312499999996 33.410850048065186
3.1195312499999996 33.60997128486633
3.1195312499999996 33.80807852745056
3.1195312499999996 34.00605344772339
3.1195312499999996 34.204702854156494
3.132421875 34.4061496257782
3.1195312499999996 34.60283851623535
3.1453124999999997 34.80243468284607
3.132421875 35.001357316970825
3.132421875 35.20090889930725
3.1453124999999997 35.400354862213135
3.132421875 35.59927701950073
3.132421875 35.79803800582886
3.132421875 35.99675369262695
3.1453124999999997 36.19671702384949
3.1453124999999997 36.396387815475464
3.1453124999999997 36.596742391586304
3.158203125 36.79754018783569
3.1453124999999997 36.99730587005615
3.1453124999999997 37.199925899505615
3.158203125 37.40130639076233
3.1453124999999997 37.60108828544617
3.17109375 37.80260372161865
3.17109375 38.00475215911865
3.158203125 38.20606732368469
1.0570312499999999 38.27795338630676
3.17109375 38.47832155227661
3.158203125 38.67897081375122
3.17109375 38.880393505096436
3.17109375 39.08187770843506
3.17109375 39.28346610069275
3.17109375 39.4847571849823
3.17109375 39.68629336357117
3.17109375 39.887715101242065
3.17109375 40.089109897613525
3.158203125 40.289721965789795
3.1839843749999996 40.49183392524719
3.158203125 40.69234013557434
3.1839843749999996 40.89442014694214
3.17109375 41.095800161361694
3.17109375 41.29710268974304
3.1839843749999996 41.49943709373474
3.1839843749999996 41.70154094696045
3.17109375 41.902679681777954
3.17109375 42.10405778884888
3.17109375 42.305392026901245
3.196875 42.508129835128784
3.1839843749999996 42.710864543914795
3.196875 42.91380071640015
3.17109375 43.1149799823761
3.1839843749999996 43.31717038154602
3.196875 43.52001094818115
3.1839843749999996 43.72215270996094
3.196875 43.924949169158936
3.1839843749999996 44.12707591056824
3.196875 44.32998275756836
3.1839843749999996 44.53199291229248
3.1839843749999996 44.733959674835205
3.132421875 45.13703680038452
3.06796875 45.33244252204895
3.0164062499999997 45.52557826042175
2.9519531249999997 45.712913513183594
2.900390625 45.897268295288086
2.848828125 46.078290700912476
2.7972656249999996 46.25803518295288
2.745703125 46.432406425476074
2.70703125 46.60533285140991
2.65546875 46.77408766746521
2.616796875 46.94067454338074
2.578125 47.1046245098114
2.5265625 47.26512098312378
2.5007812499999997 47.42395329475403
2.44921875 47.57953953742981
2.410546875 47.7381751537323
2.384765625 47.8886342048645
2.34609375 48.037944078445435
2.3074218749999997 48.18478012084961
2.281640625 48.33029317855835
2.255859375 48.47377562522888
0.6832031249999999 48.517810106277466
2.204296875 48.65799021720886
2.1785156249999997 48.79652452468872
2.13984375 48.932673931121826
2.1140624999999997 49.067285776138306
2.08828125 49.20020866394043
2.075390625 49.33231210708618
2.0496093749999997 49.4627411365509
2.0109375 49.59068775177002
1.98515625 49.71698307991028
1.9593749999999999 49.84179091453552
1.93359375 49.96493577957153
1.920703125 50.08724641799927
1.8949218749999999 50.20799160003662
1.8820312499999998 50.32794451713562
1.85625 50.446204662323
1.843359375 50.56355834007263
1.8046875 50.678441286087036
1.791796875 50.79257035255432
1.77890625 50.905946493148804
1.7531249999999998 51.01762342453003
1.740234375 51.128559589385986
1.72734375 51.23863625526428
1.6886718749999998 51.346317768096924
1.67578125 51.45316123962402
1.662890625 51.559284925460815
1.6371093749999999 51.663654088974
1.6242187499999998 51.76724934577942
1.611328125 51.86981654167175
1.585546875 51.97094178199768
1.5726562499999999 52.071077823638916
1.5597656249999998 52.170571088790894
1.546875 52.269150257110596
1.52109375 52.3661744594574
1.52109375 52.463109731674194
1.5082031249999999 52.55923414230347
1.4953124999999998 52.65446448326111
1.482421875 52.749032497406006
1.456640625 52.84185194969177
1.4437499999999999 52.93394660949707
1.4308593749999998 53.02524423599243
1.4308593749999998 53.11654758453369
1.41796875 53.207433223724365
1.405078125 53.29745364189148
1.3792968749999999 53.38545060157776
1.3792968749999999 53.47359251976013
1.3664062499999998 53.560816287994385
1.3664062499999998 53.64825987815857
1.353515625 53.73466610908508
1.327734375 53.81957721710205
1.327734375 53.904353618621826
1.3148437499999999 53.98827385902405
1.3019531249999998 54.07136821746826
1.2890625 54.1536591053009
1.2890625 54.23605751991272
1.26328125 54.31678891181946
1.26328125 54.3980610370636
1.26328125 54.478766679763794
1.2503906249999999 54.55867075920105
1.224609375 54.63691329956055
1.224609375 54.71528720855713
1.21171875 54.793001890182495
1.21171875 54.87040448188782
1.1859374999999999 54.94642686843872
1.1859374999999999 55.022331953048706
1.1859374999999999 55.09805393218994
1.173046875 55.173267126083374
1.16015625 55.24729537963867
1.16015625 55.32150959968567
1.147265625 55.3949511051178
1.147265625 55.46833634376526
1.1214843749999999 55.540188789367676
1.10859375 55.61103582382202
1.10859375 55.68197441101074
1.10859375 55.752914905548096
1.10859375 55.823798418045044
1.0828125 55.89337611198425
1.0828125 55.9681191444397
1.069921875 56.03582549095154
1.0570312499999999 56.101693630218506
1.0570312499999999 56.16740655899048
1.0570312499999999 56.232166051864624
1.0570312499999999 56.29695177078247
1.044140625 56.36094093322754
1.044140625 56.42491173744202
1.044140625 56.48899698257446
1.03125 56.55223202705383
1.018359375 56.6146457195282
1.018359375 56.68148159980774
1.00546875 56.74652028083801
0.992578125 56.81658720970154
0.992578125 56.88257598876953
0.992578125 56.94464898109436
0.9796874999999999 57.00656270980835
0.9796874999999999 57.0694625377655
0.966796875 57.13148760795593
0.966796875 57.193519592285156
0.966796875 57.2555205821991
0.95390625 57.31669735908508
0.9410156249999999 57.37700939178467
0.9410156249999999 57.43730545043945
0.9410156249999999 57.497626066207886
0.928125 57.55710005760193
0.928125 57.61678147315979
0.928125 57.676297187805176
0.9152343749999999 57.73497796058655
0.9152343749999999 57.79508900642395
0.90234375 57.854212284088135
0.889453125 57.91128087043762
0.90234375 57.969157457351685
0.889453125 58.026463985443115
0.889453125 58.08377957344055
0.889453125 58.14074969291687
0.8765624999999999 58.19725298881531
0.863671875 58.25287747383118
0.863671875 58.308165550231934
0.863671875 58.36375904083252
0.863671875 58.41927099227905
0.863671875 58.47452974319458
0.8507812499999999 58.52950358390808
0.837890625 58.58321237564087
0.8507812499999999 58.63781929016113
0.837890625 58.69164514541626
0.837890625 58.74549460411072
0.837890625 58.79969072341919
0.825 58.852715730667114
0.8121093749999999 58.90494251251221
0.8121093749999999 58.95713496208191
0.79921875 59.00846314430237
0.8121093749999999 59.06070590019226
0.8121093749999999 59.11292123794556
0.79921875 59.16476035118103
0.79921875 59.216015100479126
0.7863281249999999 59.26665735244751
0.7863281249999999 59.317243576049805
0.7863281249999999 59.36778163909912
0.7863281249999999 59.418670892715454
0.7734375 59.46839785575867
0.760546875 59.51726317405701
0.7734375 59.56707954406738
0.760546875 59.61600208282471
0.760546875 59.66491746902466
0.760546875 59.713889360427856
0.760546875 59.76616644859314
0.7476562499999999 59.81435441970825
0.7476562499999999 59.86250615119934
0.7476562499999999 59.91070795059204
0.734765625 59.9580352306366
0.734765625 60.00539565086365
0.734765625 60.05271673202515
0.734765625 60.10003209114075
0.734765625 60.14743399620056
0.7218749999999999 60.19392371177673
0.708984375 60.24012851715088
0.7218749999999999 60.286619901657104
0.7218749999999999 60.33314871788025
0.708984375 60.37890672683716
0.708984375 60.42456841468811
0.708984375 60.47024369239807
0.69609375 60.51510167121887
0.69609375 60.55993962287903
0.69609375 60.60478663444519
0.69609375 60.64963412284851
0.69609375 60.694900035858154
0.6832031249999999 60.73907494544983
0.69609375 60.78394842147827
0.6832031249999999 60.82803416252136
0.6703125 60.87126064300537
0.6703125 60.91458773612976
0.6703125 60.959431886672974
0.6832031249999999 61.00348353385925
0.6574218749999999 61.04592418670654
0.6703125 61.089107036590576
0.6703125 61.13320755958557
0.6703125 61.1764771938324
0.6574218749999999 61.21891164779663
0.6574218749999999 61.261547565460205
0.6574218749999999 61.30396270751953
0.64453125 61.34557247161865
0.64453125 61.38726234436035
0.64453125 61.428948640823364
0.64453125 61.470545053482056
0.631640625 61.51153802871704
0.64453125 61.553338289260864
0.631640625 61.59413695335388
0.631640625 61.63495206832886
0.631640625 61.675745725631714
0.6187499999999999 61.71571350097656
0.6187499999999999 61.75578784942627
0.631640625 61.79661536216736
0.631640625 61.837509632110596
0.6187499999999999 61.877533197402954
0.6187499999999999 61.917539834976196
0.605859375 61.956700563430786
0.6187499999999999 61.99668860435486
0.6187499999999999 62.03670692443848
0.5929687499999999 62.07506442070007
0.605859375 62.11426568031311
0.5929687499999999 62.15260696411133
0.5929687499999999 62.19094514846802
0.605859375 62.2300751209259
0.605859375 62.26924681663513
0.580078125 62.30677318572998
0.605859375 62.34595704078674
0.5929687499999999 62.38452458381653
0.580078125 62.42203164100647
0.5929687499999999 62.460378885269165
0.5929687499999999 62.49875473976135
0.580078125 62.53630614280701
0.5671875 62.57300329208374
0.580078125 62.61045742034912
0.5671875 62.64720702171326
0.580078125 62.68475914001465
0.5671875 62.72150254249573
0.5671875 62.75823259353638
0.5671875 62.79513359069824
0.554296875 62.83100175857544
0.554296875 62.86688232421875
0.554296875 62.90276098251343
0.5671875 62.939483404159546
0.554296875 62.9753634929657
0.554296875 63.01113414764404
0.554296875 63.04702544212341
0.554296875 63.08396077156067
0.554296875 63.120410442352295
0.54140625 63.1554799079895
0.554296875 63.191394567489624
0.54140625 63.22705888748169
0.554296875 63.263388872146606
0.54140625 63.298508405685425
0.54140625 63.33361744880676
0.54140625 63.368680238723755
0.54140625 63.40395522117615
0.54140625 63.43903732299805
0.54140625 63.47410559654236
0.5285156249999999 63.508381843566895
0.5285156249999999 63.54266309738159
0.5285156249999999 63.57691740989685
0.515625 63.6102557182312
0.5285156249999999 63.64453673362732
0.5285156249999999 63.68179941177368
0.5285156249999999 63.717519998550415
0.5285156249999999 63.7523627281189
0.5285156249999999 63.78616642951965
0.515625 63.819265604019165
0.515625 63.85233926773071
0.515625 63.885634899139404
0.515625 63.91884469985962
0.502734375 63.951496839523315
0.515625 63.984938859939575
0.502734375 64.01755976676941
0.502734375 64.05019354820251
0.502734375 64.08282232284546
0.502734375 64.11545491218567
0.502734375 64.14810061454773
0.502734375 64.18074202537537
0.48984374999999997 64.21255683898926
0.502734375 64.2452027797699
0.48984374999999997 64.27702736854553
0.48984374999999997 64.30884790420532
0.48984374999999997 64.34069180488586
0.502734375 64.37332081794739
0.476953125 64.4043116569519
0.476953125 64.43539094924927
0.476953125 64.46639323234558
0.476953125 64.49750566482544
0.476953125 64.52851438522339
0.476953125 64.55948996543884
0.476953125 64.59046626091003
0.476953125 64.62145376205444
0.48984374999999997 64.65324091911316
0.476953125 64.68420839309692
0.4640625 64.71437859535217
0.476953125 64.74539494514465
0.476953125 64.77638649940491
0.476953125 64.80737137794495
0.476953125 64.83839797973633
0.4640625 64.86858654022217
0.451171875 64.89793252944946
0.476953125 64.92894673347473
0.451171875 64.95828557014465
0.4640625 64.98843145370483
0.4640625 65.01859903335571
0.4640625 65.04880619049072
0.4640625 65.07907342910767
0.451171875 65.10844898223877
0.451171875 65.13784313201904
0.451171875 65.16720819473267
0.4640625 65.19742345809937
0.451171875 65.22684025764465
0.43828124999999996 65.2554030418396
0.451171875 65.28476405143738
0.451171875 65.31414103507996
0.451171875 65.34351992607117
0.43828124999999996 65.37210392951965
0.451171875 65.4014937877655
0.43828124999999996 65.43006324768066
0.43828124999999996 65.45860981941223
0.43828124999999996 65.48707437515259
0.43828124999999996 65.51557302474976
0.43828124999999996 65.54413199424744
0.43828124999999996 65.57265901565552
0.43828124999999996 65.6011815071106
0.43828124999999996 65.62973141670227
0.43828124999999996 65.65825867652893
0.43828124999999996 65.68690586090088
0.42539062499999997 65.71462869644165
0.43828124999999996 65.7432017326355
0.42539062499999997 65.77091884613037
0.42539062499999997 65.79862999916077
0.43828124999999996 65.82721042633057
0.42539062499999997 65.85493063926697
0.42539062499999997 65.88267087936401
0.4125 65.90957379341125
0.42539062499999997 65.93731188774109
0.4125 65.96421217918396
0.42539062499999997 65.99192690849304
0.4125 66.01882362365723
0.4125 66.0457444190979
0.4125 66.07267880439758
0.42539062499999997 66.10039472579956
0.4125 66.12730383872986
0.399609375 66.15342211723328
0.4125 66.1803662776947
0.4125 66.2072741985321
0.42539062499999997 66.23502159118652
0.4125 66.26192855834961
0.4125 66.28897356987
0.4125 66.31603980064392
0.4125 66.34296369552612
0.4125 66.369877576828
0.399609375 66.39599251747131
0.4125 66.42293524742126
0.399609375 66.44907855987549
0.38671875 66.47437500953674
0.38671875 66.50017952919006
0.399609375 66.52627301216125
0.38671875 66.55159282684326
0.399609375 66.57768630981445
0.38671875 66.60314440727234
0.38671875 66.62837743759155
0.38671875 66.65371918678284
0.399609375 66.67984223365784
0.399609375 66.70593476295471
0.38671875 66.73121809959412
0.38671875 66.75653338432312
0.38671875 66.78183674812317
0.38671875 66.80705428123474
0.38671875 66.8323245048523
0.38671875 66.85763311386108
0.37382812499999996 66.88209390640259
0.37382812499999996 66.90655660629272
0.37382812499999996 66.9310507774353
0.37382812499999996 66.95556902885437
0.37382812499999996 66.98003625869751
0.37382812499999996 67.00471830368042
0.38671875 67.02996134757996
0.38671875 67.05527377128601
0.37382812499999996 67.07974219322205
0.38671875 67.1050169467926
0.37382812499999996 67.12948322296143
0.37382812499999996 67.15397596359253
0.37382812499999996 67.17844080924988
0.36093749999999997 67.20208239555359
0.37382812499999996 67.22650265693665
0.37382812499999996 67.25101900100708
0.37382812499999996 67.27550482749939
0.36093749999999997 67.29917860031128
0.37382812499999996 67.32368731498718
0.37382812499999996 67.34829235076904
0.36093749999999997 67.37193584442139
0.36093749999999997 67.3958842754364
0.36093749999999997 67.41946959495544
0.37382812499999996 67.44394850730896
0.36093749999999997 67.46739649772644
0.37382812499999996 67.4918794631958
0.36093749999999997 67.51548457145691
0.348046875 67.53803658485413
0.36093749999999997 67.5616512298584
0.36093749999999997 67.58528900146484
0.36093749999999997 67.6089551448822
0.36093749999999997 67.63261151313782
0.36093749999999997 67.65640139579773
0.36093749999999997 67.68018293380737
0.348046875 67.70329999923706
0.36093749999999997 67.72699785232544
0.348046875 67.74986433982849
0.36093749999999997 67.77461647987366
0.36093749999999997 67.79877734184265
0.33515625 67.82081937789917
0.33515625 67.84317111968994
0.348046875 67.86601686477661
0.36093749999999997 67.88967108726501
0.33515625 67.91169452667236
0.33515625 67.93371820449829
0.348046875 67.95655703544617
0.348046875 67.97944569587708
0.348046875 68.00232481956482
0.348046875 68.0251727104187
0.348046875 68.0482497215271
0.33515625 68.07027697563171
0.348046875 68.09315228462219
0.348046875 68.11599540710449
0.348046875 68.13887405395508
0.348046875 68.16171073913574
0.348046875 68.18459415435791
0.348046875 68.20744466781616
0.348046875 68.23028087615967
0.33515625 68.25234127044678
0.33515625 68.27436423301697
0.33515625 68.29639744758606
0.348046875 68.31923937797546
0.33515625 68.34136486053467
0.348046875 68.36419892311096
0.33515625 68.38622236251831
0.33515625 68.40824246406555
0.33515625 68.43026041984558
0.33515625 68.45231437683105
0.33515625 68.47434401512146
0.322265625 68.49560785293579
0.33515625 68.51763391494751
0.322265625 68.53884196281433
0.33515625 68.56089115142822
0.322265625 68.58210372924805
0.322265625 68.60331439971924
0.322265625 68.62452363967896
0.322265625 68.64576196670532
0.322265625 68.66697120666504
0.322265625 68.68818092346191
0.322265625 68.70939517021179
0.322265625 68.73060488700867
0.30937499999999996 68.7510278224945
0.322265625 68.77224159240723
0.322265625 68.79345870018005
0.322265625 68.81467366218567
0.322265625 68.83588337898254
0.30937499999999996 68.85630559921265
0.322265625 68.87751626968384
0.30937499999999996 68.89791440963745
0.322265625 68.91912531852722
0.322265625 68.94033193588257
0.322265625 68.96156430244446
0.322265625 68.98277378082275
0.21914062499999998 68.99746990203857
0.322265625 69.01868629455566
0.30937499999999996 69.03908681869507
0.322265625 69.06032419204712
0.30937499999999996 69.08072280883789
0.322265625 69.10193061828613
0.322265625 69.12314438819885
0.30937499999999996 69.14356994628906
0.30937499999999996 69.16397023200989
0.30937499999999996 69.18436813354492
0.30937499999999996 69.2047700881958
0.30937499999999996 69.2251627445221
0.29648437499999997 69.24480509757996
0.29648437499999997 69.26438617706299
0.30937499999999996 69.28532195091248
0.30937499999999996 69.3057234287262
0.30937499999999996 69.32618975639343
0.29648437499999997 69.34579873085022
0.30937499999999996 69.36619734764099
0.30937499999999996 69.38674306869507
0.29648437499999997 69.40642046928406
0.30937499999999996 69.4268159866333
0.29648437499999997 69.44642329216003
0.29648437499999997 69.46600580215454
0.30937499999999996 69.48640060424805
0.29648437499999997 69.50598192214966
0.30937499999999996 69.52638006210327
0.29648437499999997 69.54596042633057
0.30937499999999996 69.56638836860657
0.29648437499999997 69.58596801757812
0.30937499999999996 69.60640478134155
0.29648437499999997 69.62598037719727
0.29648437499999997 69.64558148384094
0.30937499999999996 69.66603994369507
0.29648437499999997 69.68562173843384
0.29648437499999997 69.70519590377808
0.29648437499999997 69.72477889060974
0.29648437499999997 69.7443573474884
0.29648437499999997 69.76401424407959
0.29648437499999997 69.78359389305115
0.29648437499999997 69.80317234992981
0.28359375 69.82192945480347
0.29648437499999997 69.84150266647339
0.29648437499999997 69.86107873916626
0.28359375 69.87987971305847
0.29648437499999997 69.89945960044861
0.28359375 69.91825199127197
0.29648437499999997 69.93783187866211
0.28359375 69.95662379264832
0.29648437499999997 69.97620558738708
0.29648437499999997 69.9957857131958
0.28359375 70.01454949378967
0.28359375 70.03331112861633
0.28359375 70.05211472511292
0.28359375 70.07087993621826
0.28359375 70.08964776992798
0.28359375 70.10836005210876
0.28359375 70.12712502479553
0.28359375 70.14589643478394
0.28359375 70.16469430923462
0.28359375 70.18346214294434
0.28359375 70.20222926139832
0.28359375 70.22101855278015
0.28359375 70.23978805541992
0.28359375 70.25858688354492
0.28359375 70.27741432189941
0.28359375 70.29618954658508
0.270703125 70.31413841247559
0.28359375 70.3329062461853
0.28359375 70.35170125961304
0.28359375 70.37046122550964
0.28359375 70.38922333717346
0.28359375 70.40802145004272
0.28359375 70.42677903175354
0.28359375 70.44556403160095
0.270703125 70.46354556083679
0.270703125 70.4814989566803
0.28359375 70.50026822090149
0.270703125 70.51825165748596
0.270703125 70.53620386123657
0.270703125 70.55418252944946
0.28359375 70.57294631004333
0.28359375 70.59170746803284
0.270703125 70.60966515541077
0.270703125 70.62761664390564
0.270703125 70.64557147026062
0.270703125 70.66357469558716
0.270703125 70.68153095245361
0.270703125 70.69947838783264
0.270703125 70.7174301147461
0.270703125 70.73538446426392
0.2578125 70.7525224685669
0.270703125 70.77051329612732
0.28359375 70.78928542137146
0.270703125 70.80723404884338
0.270703125 70.82518243789673
0.270703125 70.84313225746155
0.270703125 70.86111402511597
0.2578125 70.87825536727905
0.2578125 70.8953948020935
0.270703125 70.91334319114685
0.2578125 70.93048143386841
0.2578125 70.94761538505554
0.2578125 70.96477580070496
0.2578125 70.98191380500793
0.270703125 70.99986839294434
0.270703125 71.01781439781189
0.270703125 71.0357620716095
0.2578125 71.05290460586548
0.2578125 71.07007026672363
0.2578125 71.08720874786377
0.2578125 71.10434460639954
0.2578125 71.12151551246643
0.270703125 71.13946986198425
0.270703125 71.15745377540588
0.24492187499999998 71.17379355430603
0.2578125 71.19094324111938
0.24492187499999998 71.20734763145447
0.270703125 71.225346326828
0.24492187499999998 71.24167823791504
0.24492187499999998 71.2580726146698
0.24492187499999998 71.27439403533936
0.2578125 71.29153561592102
0.24492187499999998 71.30785918235779
0.2578125 71.32499146461487
0.2578125 71.3421220779419
0.2578125 71.35929036140442
0.2578125 71.37642645835876
0.2578125 71.39356899261475
0.24492187499999998 71.40989017486572
0.2578125 71.42702269554138
0.2578125 71.44416046142578
0.2578125 71.46132755279541
0.24492187499999998 71.47769236564636
0.2578125 71.49490737915039
0.24492187499999998 71.51129794120789
0.2578125 71.52843308448792
0.2578125 71.54566478729248
0.24492187499999998 71.56202459335327
0.24492187499999998 71.5783543586731
0.2578125 71.59549975395203
0.2578125 71.61263847351074
0.24492187499999998 71.62899088859558
0.24492187499999998 71.64533686637878
0.24492187499999998 71.66169214248657
0.24492187499999998 71.67802166938782
0.24492187499999998 71.69433951377869
0.24492187499999998 71.71070098876953
0.24492187499999998 71.72702121734619
0.2578125 71.74416661262512
0.23203125 71.75970530509949
0.24492187499999998 71.77602481842041
0.24492187499999998 71.79235172271729
0.23203125 71.8078670501709
0.24492187499999998 71.82418823242188
0.24492187499999998 71.8405168056488
0.24492187499999998 71.85683679580688
0.24492187499999998 71.87322282791138
0.23203125 71.88873720169067
0.24492187499999998 71.90506172180176
0.24492187499999998 71.92139029502869
0.24492187499999998 71.93771266937256
0.24492187499999998 71.95403456687927
0.24492187499999998 71.97038626670837
0.24492187499999998 71.98671078681946
0.24492187499999998 72.00303602218628
0.23203125 72.01854014396667
0.23203125 72.0340473651886
0.24492187499999998 72.05037593841553
0.23203125 72.06591510772705
0.24492187499999998 72.08224153518677
0.24492187499999998 72.09856653213501
0.23203125 72.11407542228699
0.24492187499999998 72.13040280342102
0.23203125 72.14591526985168
0.24492187499999998 72.16224145889282
0.23203125 72.17775130271912
0.23203125 72.19326186180115
0.23203125 72.20880103111267
0.23203125 72.22430968284607
0.23203125 72.23985123634338
0.23203125 72.25536394119263
0.24492187499999998 72.27172660827637
0.23203125 72.28724265098572
0.24492187499999998 72.30357027053833
0.21914062499999998 72.31827235221863
0.21914062499999998 72.33296775817871
0.23203125 72.34848523139954
0.23203125 72.36402702331543
0.21914062499999998 72.37872552871704
0.23203125 72.39424180984497
0.23203125 72.40975141525269
0.23203125 72.42526578903198
0.21914062499999998 72.43996381759644
0.23203125 72.45551609992981
0.21914062499999998 72.47024488449097
0.21914062499999998 72.48494553565979
0.23203125 72.50046610832214
0.23203125 72.51597595214844
0.23203125 72.53149652481079
0.21914062499999998 72.5461938381195
0.23203125 72.56170558929443
0.21914062499999998 72.57643055915833
0.23203125 72.59194207191467
0.21914062499999998 72.6066403388977
0.21914062499999998 72.62133646011353
0.23203125 72.63684558868408
0.21914062499999998 72.6515474319458
0.21914062499999998 72.6662654876709
0.23203125 72.68177652359009
0.23203125 72.69728136062622
0.21914062499999998 72.71197772026062
0.21914062499999998 72.72666907310486
0.21914062499999998 72.7413682937622
0.21914062499999998 72.75606036186218
0.23203125 72.77157139778137
0.21914062499999998 72.78627109527588
0.23203125 72.8017840385437
0.21914062499999998 72.81647682189941
0.21914062499999998 72.83116841316223
0.21914062499999998 72.84586787223816
0.23203125 72.86138463020325
0.21914062499999998 72.87611246109009
0.21914062499999998 72.89081358909607
0.21914062499999998 72.90551137924194
0.21914062499999998 72.92021107673645
0.21914062499999998 72.93490409851074
0.21914062499999998 72.94963049888611
0.23203125 72.96513986587524
0.23203125 72.98069334030151
0.21914062499999998 72.99538731575012
0.21914062499999998 73.01009058952332
0.20625 73.02397680282593
0.21914062499999998 73.03867483139038
0.21914062499999998 73.05337476730347
0.21914062499999998 73.06810259819031
0.21914062499999998 73.08279848098755
0.21914062499999998 73.09749460220337
0.20625 73.1114068031311
0.21914062499999998 73.12609958648682
0.21914062499999998 73.14080023765564
0.21914062499999998 73.15549731254578
0.21914062499999998 73.17022204399109
0.21914062499999998 73.18495869636536
0.21914062499999998 73.19967341423035
0.21914062499999998 73.21437072753906
0.21914062499999998 73.22906279563904
0.20625 73.24294471740723
0.20625 73.25682163238525
0.20625 73.27071380615234
0.20625 73.28459620475769
0.21914062499999998 73.29929423332214
0.20625 73.31317400932312
0.20625 73.3270514011383
0.21914062499999998 73.34186053276062
0.21914062499999998 73.35655498504639
0.20625 73.37050294876099
0.20625 73.38438153266907
0.21914062499999998 73.39908814430237
0.21914062499999998 73.41378045082092
0.20625 73.42765927314758
0.20625 73.44154262542725
0.21914062499999998 73.45623970031738
0.21914062499999998 73.47096610069275
0.193359375 73.48402690887451
0.20625 73.49791598320007
0.21914062499999998 73.51261448860168
0.20625 73.52649855613708
0.20625 73.54037809371948
0.21914062499999998 73.55510067939758
0.20625 73.56899642944336
0.21914062499999998 73.58372235298157
0.20625 73.59760475158691
0.20625 73.61150789260864
0.20625 73.62538313865662
0.20625 73.63925766944885
0.193359375 73.65232038497925
0.20625 73.66619539260864
0.21914062499999998 73.68091106414795
0.20625 73.6947979927063
0.20625 73.70867896080017
0.20625 73.72255635261536
0.20625 73.73643326759338
0.20625 73.75031352043152
0.20625 73.76418995857239
0.20625 73.77807068824768
0.20625 73.79194641113281
0.20625 73.8058271408081
0.20625 73.81970405578613
0.193359375 73.83276462554932
0.20625 73.8466408252716
0.20625 73.8605227470398
0.193359375 73.87361359596252
0.20625 73.88748574256897
0.193359375 73.90054631233215
0.193359375 73.91360688209534
0.193359375 73.92667007446289
0.20625 73.94055223464966
0.193359375 73.95361590385437
0.193359375 73.96667790412903
0.193359375 73.97977256774902
0.20625 73.99364924430847
0.193359375 74.0067138671875
0.20625 74.02059078216553
0.193359375 74.0336503982544
0.193359375 74.04671907424927
0.20625 74.06060123443604
0.193359375 74.07368612289429
0.193359375 74.08675003051758
0.20625 74.10063052177429
0.193359375 74.11369800567627
0.193359375 74.12675976753235
0.193359375 74.1398458480835
0.193359375 74.15290927886963
0.193359375 74.16596961021423
0.193359375 74.17906403541565
0.193359375 74.19212770462036
0.193359375 74.20519185066223
0.193359375 74.21825218200684
0.193359375 74.23131203651428
0.20625 74.24518775939941
0.193359375 74.25825548171997
0.20625 74.27213525772095
0.20625 74.28603720664978
0.193359375 74.29910469055176
0.193359375 74.31216788291931
0.193359375 74.32522821426392
0.193359375 74.33829593658447
0.193359375 74.35136008262634
0.193359375 74.36442375183105
0.18046874999999998 74.37669897079468
0.193359375 74.38976883888245
0.193359375 74.40283250808716
0.193359375 74.41589546203613
0.18046874999999998 74.42814064025879
0.193359375 74.4412055015564
0.193359375 74.45426559448242
0.193359375 74.46733379364014
0.193359375 74.48043036460876
0.193359375 74.49356579780579
0.193359375 74.50663495063782
0.193359375 74.5197081565857
0.193359375 74.53277158737183
0.18046874999999998 74.54502654075623
0.193359375 74.55809688568115
0.193359375 74.5711579322815
0.193359375 74.58425092697144
0.193359375 74.59732151031494
0.193359375 74.61038661003113
0.193359375 74.6234495639801
0.193359375 74.63650727272034
0.193359375 74.6495726108551
0.193359375 74.66263389587402
0.193359375 74.67572236061096
0.193359375 74.68882369995117
0.18046874999999998 74.70107102394104
0.193359375 74.71413493156433
0.18046874999999998 74.726389169693
0.193359375 74.73945355415344
0.18046874999999998 74.75170803070068
0.18046874999999998 74.76396441459656
0.193359375 74.7770528793335
0.193359375 74.79012250900269
0.18046874999999998 74.80237197875977
0.193359375 74.81543588638306
0.193359375 74.8284969329834
0.193359375 74.84155821800232
0.193359375 74.8546245098114
0.18046874999999998 74.86687541007996
0.193359375 74.87997126579285
0.18046874999999998 74.89222025871277
0.18046874999999998 74.90446662902832
0.18046874999999998 74.91671109199524
0.193359375 74.92977714538574
0.18046874999999998 74.94202327728271
0.193359375 74.95508670806885
0.18046874999999998 74.96733212471008
0.18046874999999998 74.97962951660156
0.18046874999999998 74.99188160896301
0.193359375 75.00494885444641
0.18046874999999998 75.01719808578491
0.193359375 75.03025794029236
0.193359375 75.04331970214844
0.18046874999999998 75.05557084083557
0.18046874999999998 75.06782174110413
0.18046874999999998 75.0801010131836
0.18046874999999998 75.09235143661499
0.18046874999999998 75.10460066795349
0.18046874999999998 75.11684799194336
0.18046874999999998 75.12910556793213
0.18046874999999998 75.14135694503784
0.18046874999999998 75.1536033153534
0.18046874999999998 75.1658546924591
0.18046874999999998 75.17810773849487
0.18046874999999998 75.19038271903992
0.18046874999999998 75.20263528823853
0.18046874999999998 75.21491146087646
0.18046874999999998 75.22722339630127
0.18046874999999998 75.23948049545288
0.18046874999999998 75.25173473358154
0.18046874999999998 75.26398468017578
0.167578125 75.2754259109497
0.167578125 75.28689861297607
0.167578125 75.29834771156311
0.18046874999999998 75.31060194969177
0.18046874999999998 75.32285070419312
0.167578125 75.3342866897583
0.167578125 75.34572529792786
0.18046874999999998 75.35806584358215
0.18046874999999998 75.37031698226929
0.18046874999999998 75.38259434700012
0.18046874999999998 75.39484357833862
0.18046874999999998 75.40709328651428
0.167578125 75.41852807998657
0.18046874999999998 75.43077731132507
0.167578125 75.44220852851868
0.18046874999999998 75.45445203781128
0.18046874999999998 75.46670365333557
0.167578125 75.47813963890076
0.18046874999999998 75.49041986465454
0.18046874999999998 75.5026741027832
0.167578125 75.51414132118225
0.167578125 75.52558040618896
0.167578125 75.53701782226562
0.18046874999999998 75.54926919937134
0.18046874999999998 75.56151819229126
0.18046874999999998 75.57376909255981
0.167578125 75.58523225784302
0.18046874999999998 75.59748601913452
0.18046874999999998 75.60974097251892
0.167578125 75.62117552757263
0.167578125 75.6326072216034
0.18046874999999998 75.644855260849
0.18046874999999998 75.65710425376892
0.18046874999999998 75.66935610771179
0.167578125 75.68079257011414
0.167578125 75.69226360321045
0.18046874999999998 75.70452308654785
0.167578125 75.71595907211304
0.167578125 75.72741913795471
0.167578125 75.73887944221497
0.18046874999999998 75.75112652778625
0.167578125 75.76256060600281
0.18046874999999998 75.77481245994568
0.167578125 75.78627729415894
0.18046874999999998 75.79852938652039
0.167578125 75.80996441841125
0.167578125 75.82139754295349
0.167578125 75.83283042907715
0.167578125 75.84426546096802
0.18046874999999998 75.85651683807373
0.18046874999999998 75.86876845359802
0.18046874999999998 75.88101768493652
0.167578125 75.89248085021973
0.167578125 75.90394139289856
0.167578125 75.9153790473938
0.167578125 75.92681360244751
0.167578125 75.93825340270996
0.18046874999999998 75.95049977302551
0.167578125 75.96193385124207
0.167578125 75.97337031364441
0.167578125 75.98482966423035
0.18046874999999998 75.9970817565918
0.167578125 76.00851678848267
0.167578125 76.01995611190796
0.167578125 76.03139185905457
0.167578125 76.04283404350281
0.15468749999999998 76.05346298217773
0.167578125 76.06490182876587
0.167578125 76.07637310028076
0.15468749999999998 76.08702969551086
0.15468749999999998 76.09765887260437
0.18046874999999998 76.10990953445435
0.167578125 76.12134909629822
0.167578125 76.1327874660492
0.167578125 76.14424681663513
0.15468749999999998 76.15487146377563
0.15468749999999998 76.16549348831177
0.15468749999999998 76.17611646652222
0.167578125 76.18761801719666
0.167578125 76.1990692615509
0.15468749999999998 76.20969367027283
0.15468749999999998 76.2203152179718
0.15468749999999998 76.23093318939209
0.15468749999999998 76.24155640602112
0.167578125 76.25299715995789
0.15468749999999998 76.26364302635193
0.167578125 76.27508926391602
0.15468749999999998 76.28571152687073
0.167578125 76.29726505279541
0.167578125 76.30870485305786
0.167578125 76.32014203071594
0.15468749999999998 76.33076405525208
0.167578125 76.34220051765442
0.167578125 76.35363554954529
0.167578125 76.36507034301758
0.167578125 76.3765082359314
0.167578125 76.3879747390747
0.167578125 76.39941310882568
0.15468749999999998 76.41003704071045
0.15468749999999998 76.42068696022034
0.167578125 76.43212103843689
0.167578125 76.44355130195618
0.15468749999999998 76.45421028137207
0.15468749999999998 76.46490716934204
0.15468749999999998 76.47557711601257
0.15468749999999998 76.48630356788635
0.167578125 76.49779319763184
0.15468749999999998 76.50841856002808
0.167578125 76.5198802947998
0.167578125 76.53131866455078
0.167578125 76.54275870323181
0.15468749999999998 76.55338382720947
0.167578125 76.56482410430908
0.15468749999999998 76.57544779777527
0.15468749999999998 76.58606934547424
0.15468749999999998 76.59672141075134
0.167578125 76.60816740989685
0.15468749999999998 76.61878848075867
0.15468749999999998 76.62940955162048
0.15468749999999998 76.64003086090088
0.167578125 76.65150189399719
0.167578125 76.66294074058533
0.15468749999999998 76.67359256744385
0.15468749999999998 76.6842269897461
0.15468749999999998 76.6948835849762
0.15468749999999998 76.70550680160522
0.141796875 76.71531891822815
0.15468749999999998 76.7259418964386
0.15468749999999998 76.73656582832336
0.167578125 76.74802947044373
0.15468749999999998 76.75865173339844
0.167578125 76.77009153366089
0.167578125 76.78153014183044
0.15468749999999998 76.79218077659607
0.167578125 76.80362176895142
0.15468749999999998 76.81424617767334
0.15468749999999998 76.82486939430237
0.15468749999999998 76.83548903465271
0.15468749999999998 76.846111536026
0.15468749999999998 76.85673689842224
0.15468749999999998 76.86741662025452
0.15468749999999998 76.8780426979065
0.15468749999999998 76.88866400718689
0.15468749999999998 76.89931535720825
0.15468749999999998 76.90993785858154
0.15468749999999998 76.92056083679199
0.15468749999999998 76.93118786811829
0.141796875 76.94099855422974
0.15468749999999998 76.95162534713745
0.141796875 76.96143198013306
0.15468749999999998 76.97205924987793
0.15468749999999998 76.98268151283264
0.15468749999999998 76.99333071708679
0.15468749999999998 77.00395727157593
0.15468749999999998 77.01457929611206
0.15468749999999998 77.02520155906677
0.15468749999999998 77.03582262992859
0.15468749999999998 77.04645037651062
0.15468749999999998 77.05707955360413
0.15468749999999998 77.0677056312561
0.15468749999999998 77.07833218574524
0.15468749999999998 77.08895659446716
0.15468749999999998 77.09960961341858
0.15468749999999998 77.11023092269897
0.141796875 77.12004113197327
0.141796875 77.12987995147705
0.15468749999999998 77.14050340652466
0.15468749999999998 77.15112471580505
0.15468749999999998 77.16174817085266
0.15468749999999998 77.17237186431885
0.15468749999999998 77.1829924583435
0.15468749999999998 77.19363808631897
0.15468749999999998 77.20426416397095
0.141796875 77.21407127380371
0.15468749999999998 77.22469758987427
0.15468749999999998 77.23531985282898
0.15468749999999998 77.24594140052795
0.141796875 77.25575137138367
0.141796875 77.26558923721313
0.141796875 77.27540755271912
0.141796875 77.28521394729614
0.141796875 77.29505634307861
0.141796875 77.30486536026001
0.15468749999999998 77.3154878616333
0.15468749999999998 77.32610702514648
0.15468749999999998 77.33673095703125
0.141796875 77.34654307365417
0.141796875 77.35643005371094
0.141796875 77.36624193191528
0.141796875 77.37605309486389
0.15468749999999998 77.3866810798645
0.141796875 77.39651942253113
0.141796875 77.40633296966553
0.15468749999999998 77.41695809364319
0.15468749999999998 77.42758011817932
0.15468749999999998 77.43822717666626
0.15468749999999998 77.44884872436523
0.15468749999999998 77.45947027206421
0.141796875 77.46928644180298
0.141796875 77.47909712791443
0.141796875 77.48890972137451
0.15468749999999998 77.49954223632812
0.15468749999999998 77.51016879081726
0.141796875 77.51998233795166
0.141796875 77.52979183197021
0.141796875 77.53960347175598
0.141796875 77.54942178726196
0.141796875 77.55922985076904
0.141796875 77.56907320022583
0.141796875 77.5788824558258
0.15468749999999998 77.58950233459473
0.15468749999999998 77.60015869140625
0.141796875 77.60997033119202
0.141796875 77.61977672576904
0.141796875 77.62958312034607
0.141796875 77.6393883228302
0.15468749999999998 77.65001034736633
0.141796875 77.65984654426575
0.15468749999999998 77.67047166824341
0.141796875 77.68027830123901
0.15468749999999998 77.69090485572815
0.15468749999999998 77.70156383514404
0.15468749999999998 77.71218872070312
0.141796875 77.72199392318726
0.141796875 77.7318046092987
0.141796875 77.7416160106659
0.141796875 77.75142693519592
0.141796875 77.7612361907959
0.15468749999999998 77.77185487747192
0.141796875 77.78166389465332
0.141796875 77.79149794578552
0.141796875 77.80133605003357
0.141796875 77.81114506721497
0.141796875 77.82096219062805
0.141796875 77.8307716846466
0.141796875 77.84057784080505
0.15468749999999998 77.8512020111084
0.15468749999999998 77.8618278503418
0.141796875 77.8716402053833
0.12890625 77.88066339492798
0.141796875 77.89047408103943
0.12890625 77.89952397346497
0.12890625 77.9085214138031
0.12890625 77.91752004623413
0.141796875 77.92732810974121
0.141796875 77.93713450431824
0.141796875 77.94694471359253
0.12890625 77.9559371471405
0.12890625 77.96492767333984
0.141796875 77.97478580474854
0.15468749999999998 77.98542404174805
0.15468749999999998 77.99605441093445
0.141796875 78.00589680671692
0.12890625 78.01489281654358
0.141796875 78.02470278739929
0.141796875 78.03452348709106
0.141796875 78.04434370994568
0.141796875 78.05415034294128
0.141796875 78.0639545917511
0.141796875 78.07376289367676
0.141796875 78.08357095718384
0.141796875 78.09337830543518
0.12890625 78.10240721702576
0.141796875 78.11221837997437
0.141796875 78.12202548980713
0.141796875 78.13183689117432
0.141796875 78.14164543151855
0.141796875 78.15148615837097
0.141796875 78.16129660606384
0.141796875 78.17110514640808
0.141796875 78.18091607093811
0.141796875 78.19076991081238
0.141796875 78.20061588287354
0.12890625 78.20961833000183
0.12890625 78.21861553192139
0.12890625 78.22760915756226
0.12890625 78.23659896850586
0.141796875 78.24640560150146
0.141796875 78.25621581077576
0.141796875 78.26602339744568
0.12890625 78.27502250671387
0.141796875 78.2848310470581
0.12890625 78.2938244342804
0.141796875 78.30367088317871
0.141796875 78.31348705291748
0.12890625 78.32248544692993
0.141796875 78.33238530158997
0.141796875 78.3421983718872
0.12890625 78.35119199752808
0.12890625 78.36019110679626
0.12890625 78.36919140815735
0.12890625 78.37818431854248
0.12890625 78.38717722892761
0.141796875 78.39698839187622
0.141796875 78.40682697296143
0.141796875 78.41663718223572
0.12890625 78.42562913894653
0.12890625 78.4346194267273
0.141796875 78.44442820549011
0.141796875 78.45423769950867
0.12890625 78.46323990821838
0.12890625 78.47223663330078
0.12890625 78.48123502731323
0.12890625 78.49022960662842
0.141796875 78.50007104873657
0.141796875 78.50988674163818
0.141796875 78.51969933509827
0.12890625 78.52869439125061
0.12890625 78.53769111633301
0.141796875 78.54750227928162
0.12890625 78.55652785301208
0.141796875 78.56637239456177
0.141796875 78.57618498802185
0.12890625 78.58517861366272
0.141796875 78.59498810768127
0.12890625 78.60401701927185
0.12890625 78.61301374435425
0.141796875 78.62282371520996
0.12890625 78.63181853294373
0.12890625 78.64081692695618
0.12890625 78.649817943573
0.12890625 78.65881633758545
0.12890625 78.66781210899353
0.141796875 78.6776270866394
0.141796875 78.68744277954102
0.141796875 78.6972508430481
0.141796875 78.70708775520325
0.12890625 78.71608185768127
0.12890625 78.72507739067078
0.12890625 78.73407435417175
0.141796875 78.74388098716736
0.12890625 78.75287699699402
0.12890625 78.76186871528625
0.141796875 78.77168297767639
0.12890625 78.78068447113037
0.12890625 78.78968143463135
0.12890625 78.7986752986908
0.12890625 78.80770087242126
0.12890625 78.81669807434082
0.116015625 78.82487559318542
0.141796875 78.8346848487854
0.141796875 78.84449434280396
0.141796875 78.85433340072632
0.12890625 78.86333346366882
0.141796875 78.87314701080322
0.141796875 78.88295793533325
0.12890625 78.89194941520691
0.141796875 78.90175938606262
0.141796875 78.91160035133362
0.12890625 78.92059683799744
0.141796875 78.93040633201599
0.12890625 78.9394018650055
0.12890625 78.9484007358551
0.141796875 78.95824337005615
0.12890625 78.96723294258118
0.12890625 78.97623038291931
0.12890625 78.98522233963013
0.141796875 78.995032787323
0.12890625 79.00405478477478
0.12890625 79.01304864883423
0.12890625 79.02204537391663
0.12890625 79.03103828430176
0.12890625 79.04002904891968
0.12890625 79.04905438423157
0.141796875 79.0588653087616
0.12890625 79.06785774230957
0.12890625 79.07684993743896
0.12890625 79.08584499359131
0.12890625 79.09484076499939
0.12890625 79.10386228561401
0.12890625 79.11285877227783
0.12890625 79.1218535900116
0.12890625 79.13084864616394
0.12890625 79.1398708820343
0.12890625 79.1488664150238
0.12890625 79.1578598022461
0.116015625 79.16606450080872
0.116015625 79.17425489425659
0.12890625 79.18324851989746
0.116015625 79.19142985343933
0.116015625 79.19961094856262
0.12890625 79.2086341381073
0.12890625 79.21762681007385
0.12890625 79.22662043571472
0.12890625 79.23561215400696
0.116015625 79.24379086494446
0.12890625 79.25278282165527
0.12890625 79.26177287101746
0.116015625 79.26995015144348
0.116015625 79.27813243865967
0.12890625 79.28712511062622
0.12890625 79.29611945152283
0.12890625 79.30510926246643
0.12890625 79.31410717964172
0.116015625 79.32236886024475
0.12890625 79.33136701583862
0.12890625 79.3403594493866
0.12890625 79.34935712814331
0.12890625 79.35835289955139
0.12890625 79.36734580993652
0.12890625 79.37636542320251
0.12890625 79.38536548614502
0.116015625 79.39354467391968
0.12890625 79.40254259109497
0.116015625 79.41075110435486
0.12890625 79.41974258422852
0.12890625 79.4287326335907
0.12890625 79.43772482872009
0.12890625 79.44671869277954
0.116015625 79.45490264892578
0.12890625 79.46393823623657
0.12890625 79.47293949127197
0.116015625 79.48112225532532
0.12890625 79.49011826515198
0.12890625 79.4991364479065
0.12890625 79.50816822052002
0.12890625 79.51716423034668
0.12890625 79.52616357803345
0.116015625 79.5343451499939
0.116015625 79.54252910614014
0.12890625 79.55152249336243
0.12890625 79.56051731109619
0.116015625 79.56870174407959
0.116015625 79.57688093185425
0.12890625 79.58587646484375
0.116015625 79.59405779838562
0.116015625 79.60223889350891
0.116015625 79.61047410964966
0.116015625 79.61866044998169
0.116015625 79.62683916091919
0.116015625 79.63501954078674
0.116015625 79.64319777488708
0.116015625 79.651376247406
0.12890625 79.66036772727966
0.12890625 79.66936373710632
0.116015625 79.67754602432251
0.116015625 79.68572163581848
0.116015625 79.69393348693848
0.12890625 79.70292949676514
0.116015625 79.71113443374634
0.12890625 79.72012972831726
0.116015625 79.72831225395203
0.116015625 79.73648691177368
0.12890625 79.74554824829102
0.12890625 79.75454711914062
0.116015625 79.76272869110107
0.12890625 79.77172303199768
0.12890625 79.78072023391724
0.116015625 79.788902759552
0.116015625 79.79708051681519
0.12890625 79.80607843399048
0.12890625 79.81510186195374
0.116015625 79.82328152656555
0.12890625 79.83230447769165
0.116015625 79.84048414230347
0.116015625 79.84866189956665
0.12890625 79.85765361785889
0.12890625 79.86664605140686
0.116015625 79.87482786178589
0.116015625 79.88300895690918
0.116015625 79.89118695259094
0.116015625 79.89936852455139
0.116015625 79.90755033493042
0.12890625 79.91656804084778
0.12890625 79.92558932304382
0.116015625 79.9337728023529
0.116015625 79.9419527053833
0.09023437499999999 79.94850587844849
0.116015625 79.95668292045593
0.12890625 79.96567845344543
0.116015625 79.97385787963867
0.116015625 79.9820396900177
0.116015625 79.99021768569946
0.116015625 79.9983983039856
0.116015625 80.00657892227173
0.116015625 80.01478624343872
0.116015625 80.02296566963196
0.12890625 80.03195977210999
0.103125 80.03933358192444
0.116015625 80.047518491745
0.116015625 80.05569410324097
0.116015625 80.06387114524841
0.12890625 80.0728657245636
0.116015625 80.08104014396667
0.12890625 80.09003353118896
0.12890625 80.09906196594238
0.116015625 80.10723733901978
0.116015625 80.11544513702393
0.116015625 80.12362313270569
0.103125 80.13099122047424
0.116015625 80.13917088508606
0.116015625 80.1473457813263
0.12890625 80.15636277198792
0.116015625 80.16454601287842
0.116015625 80.17272472381592
0.12890625 80.18171834945679
0.116015625 80.18989944458008
0.116015625 80.19808101654053
0.116015625 80.20625972747803
0.12890625 80.21528196334839
0.103125 80.222647190094
0.12890625 80.23165678977966
0.116015625 80.23986792564392
0.12890625 80.24889397621155
0.103125 80.25626873970032
0.116015625 80.26444697380066
0.116015625 80.27263164520264
0.116015625 80.28081607818604
0.12890625 80.28981280326843
0.12890625 80.29881405830383
0.116015625 80.30699872970581
0.12890625 80.31602168083191
0.103125 80.32338857650757
0.103125 80.33075594902039
0.116015625 80.33893537521362
0.116015625 80.34711217880249
0.116015625 80.35529565811157
0.116015625 80.3634729385376
0.116015625 80.37165188789368
0.12890625 80.3806734085083
0.116015625 80.38885474205017
0.103125 80.39621686935425
0.116015625 80.40440154075623
0.116015625 80.41260647773743
0.103125 80.41997194290161
0.116015625 80.4281497001648
0.116015625 80.43632555007935
0.116015625 80.44451236724854
0.116015625 80.45272588729858
0.116015625 80.46091222763062
0.116015625 80.46910381317139
0.116015625 80.47727847099304
0.116015625 80.48545932769775
0.116015625 80.49363994598389
0.116015625 80.50182294845581
0.116015625 80.51000595092773
0.116015625 80.51824712753296
0.116015625 80.5264265537262
0.116015625 80.53460836410522
0.103125 80.54197335243225
0.116015625 80.55015754699707
0.103125 80.55752563476562
0.116015625 80.56570363044739
0.116015625 80.57388401031494
0.116015625 80.58209180831909
0.116015625 80.59027194976807
0.116015625 80.59845352172852
0.116015625 80.60663795471191
0.116015625 80.61484432220459
0.116015625 80.62302207946777
0.103125 80.63038372993469
0.116015625 80.63856101036072
0.103125 80.64602971076965
0.116015625 80.65421485900879
0.116015625 80.66239714622498
0.103125 80.66976237297058
0.116015625 80.67794036865234
0.116015625 80.68611693382263
0.103125 80.69348311424255
0.103125 80.70085191726685
0.116015625 80.70906352996826
0.103125 80.71645712852478
0.103125 80.72382545471191
0.103125 80.73119068145752
0.116015625 80.73937058448792
0.116015625 80.7475528717041
0.116015625 80.75572943687439
0.103125 80.76311802864075
0.103125 80.77048540115356
0.116015625 80.77866435050964
0.116015625 80.78683972358704
0.103125 80.79421019554138
0.116015625 80.8023931980133
0.116015625 80.81058073043823
0.116015625 80.81879210472107
0.103125 80.8261570930481
0.116015625 80.83433556556702
0.116015625 80.8425190448761
0.116015625 80.85070300102234
0.103125 80.85806846618652
0.103125 80.86543083190918
0.103125 80.87279486656189
0.116015625 80.88097405433655
0.116015625 80.889155626297
0.103125 80.8965175151825
0.103125 80.9038827419281
0.116015625 80.91207098960876
0.103125 80.9205710887909
0.103125 80.92879056930542
0.116015625 80.93698954582214
0.103125 80.94438219070435
0.116015625 80.95261979103088
0.116015625 80.96083450317383
0.103125 80.96833777427673
0.116015625 80.9765625
0.116015625 80.98490738868713
0.103125 80.9923369884491
0.116015625 81.00053119659424
0.103125 81.00794577598572
0.116015625 81.01625609397888
0.103125 81.02334094047546
0.116015625 81.03114461898804
0.103125 81.03818964958191
0.116015625 81.04601073265076
0.116015625 81.05383205413818
0.103125 81.06087017059326
0.116015625 81.0686867237091
0.116015625 81.07650208473206
0.103125 81.08353877067566
0.116015625 81.09135818481445
0.116015625 81.09917640686035
0.116015625 81.10699200630188
0.103125 81.11403059959412
0.116015625 81.12184858322144
0.116015625 81.12966704368591
0.116015625 81.13748407363892
0.12890625 81.14608216285706
0.116015625 81.15390038490295
0.103125 81.16093802452087
0.103125 81.1679744720459
0.116015625 81.17582154273987
0.116015625 81.18366384506226
0.103125 81.19073963165283
0.103125 81.19777870178223
0.103125 81.20481276512146
0.103125 81.21207857131958
0.103125 81.21910643577576
0.116015625 81.22690868377686
0.116015625 81.2347104549408
0.103125 81.24174737930298
0.116015625 81.24958419799805
0.116015625 81.2574098110199
0.116015625 81.26523113250732
0.116015625 81.27305626869202
0.116015625 81.28088140487671
0.103125 81.28792309761047
0.116015625 81.29574537277222
0.116015625 81.30356955528259
0.103125 81.31060695648193
0.116015625 81.31841850280762
0.116015625 81.32623839378357
0.116015625 81.33406019210815
0.116015625 81.34188175201416
0.116015625 81.34970331192017
0.116015625 81.3575222492218
0.116015625 81.36535453796387
0.103125 81.37239289283752
0.103125 81.37943291664124
0.116015625 81.38725018501282
0.116015625 81.39506888389587
0.103125 81.4021053314209
0.116015625 81.41006064414978
0.116015625 81.41786909103394
0.116015625 81.42567253112793
0.103125 81.432701587677
0.116015625 81.44053077697754
0.116015625 81.44835138320923
0.116015625 81.45616888999939
0.103125 81.46320939064026
0.116015625 81.47102618217468
0.116015625 81.4791169166565
0.103125 81.48617482185364
0.103125 81.49320387840271
0.116015625 81.50104284286499
0.103125 81.50808477401733
0.103125 81.51512312889099
0.116015625 81.52294135093689
0.116015625 81.53076124191284
0.116015625 81.53858089447021
0.116015625 81.54639720916748
0.103125 81.55343747138977
0.103125 81.560476064682
0.103125 81.5675139427185
0.103125 81.57455229759216
0.103125 81.5815920829773
0.103125 81.58862924575806
0.103125 81.59566736221313
0.103125 81.60270714759827
0.116015625 81.61053323745728
0.103125 81.61757349967957
0.116015625 81.62539052963257
0.103125 81.63242793083191
0.116015625 81.64024472236633
0.103125 81.64728045463562
0.116015625 81.655100107193
0.103125 81.66213726997375
0.116015625 81.66995620727539
0.103125 81.67699337005615
0.103125 81.68403172492981
0.103125 81.69107007980347
0.116015625 81.6988878250122
0.116015625 81.70670509338379
0.116015625 81.71452164649963
0.103125 81.7216546535492
0.09023437499999999 81.72828412055969
0.103125 81.73575568199158
0.103125 81.74322843551636
0.103125 81.75072956085205
0.103125 81.75823283195496
0.103125 81.76570677757263
0.103125 81.7732093334198
0.103125 81.78070998191833
0.103125 81.78818440437317
0.116015625 81.79647660255432
0.103125 81.8039538860321
0.103125 81.81142830848694
0.09023437499999999 81.81807017326355
0.103125 81.82564878463745
0.103125 81.83301711082458
0.116015625 81.84119844436646
0.116015625 81.84938097000122
0.116015625 81.85756134986877
0.116015625 81.86574268341064
0.116015625 81.87395644187927
0.103125 81.88132452964783
0.103125 81.88869571685791
0.09023437499999999 81.89524602890015
0.103125 81.90261697769165
0.103125 81.90998983383179
0.103125 81.91735768318176
0.103125 81.92478513717651
0.103125 81.93215274810791
0.103125 81.9395227432251
0.103125 81.9468879699707
0.09023437499999999 81.95344090461731
0.09023437499999999 81.95999765396118
0.09023437499999999 81.96654987335205
0.103125 81.9739441871643
0.103125 81.98131465911865
0.103125 81.98868227005005
0.103125 81.99604749679565
0.103125 82.00341749191284
0.103125 82.01078748703003
0.09023437499999999 82.01733922958374
0.103125 82.02476048469543
0.09023437499999999 82.03131437301636
0.103125 82.03868103027344
0.103125 82.04604840278625
0.103125 82.05341815948486
0.09023437499999999 82.05997371673584
0.103125 82.06733894348145
0.09023437499999999 82.07392120361328
0.103125 82.08129048347473
0.103125 82.08865785598755
0.09023437499999999 82.09520864486694
0.103125 82.10257339477539
0.103125 82.1099739074707
0.09023437499999999 82.11652779579163
0.103125 82.12391829490662
0.103125 82.13131856918335
0.103125 82.13868546485901
0.103125 82.14604997634888
0.103125 82.1534206867218
0.103125 82.16079139709473
0.103125 82.16816353797913
0.09023437499999999 82.17471432685852
0.103125 82.18208456039429
0.103125 82.18947625160217
0.09023437499999999 82.19603729248047
0.09023437499999999 82.2025945186615
0.103125 82.2099666595459
0.103125 82.21733164787292
0.103125 82.22470474243164
0.103125 82.23210883140564
0.09023437499999999 82.23866367340088
0.09023437499999999 82.24521350860596
0.103125 82.25258231163025
0.103125 82.25995182991028
0.103125 82.26731634140015
0.103125 82.27468681335449
0.103125 82.28206539154053
0.103125 82.28943395614624
0.103125 82.29679989814758
0.103125 82.30416917800903
0.09023437499999999 82.31072402000427
0.103125 82.31809282302856
0.103125 82.32545709609985
0.09023437499999999 82.332040309906
0.103125 82.33940863609314
0.103125 82.34677267074585
0.103125 82.35414171218872
0.103125 82.36151313781738
0.103125 82.3688850402832
0.103125 82.37625026702881
0.103125 82.38361716270447
0.103125 82.39098644256592
0.103125 82.3983564376831
0.09023437499999999 82.40490818023682
0.09023437499999999 82.41149997711182
0.103125 82.41886711120605
0.09023437499999999 82.4254162311554
0.103125 82.43280839920044
0.103125 82.44017386436462
0.103125 82.4475405216217
0.09023437499999999 82.45409488677979
0.09023437499999999 82.4606831073761
0.103125 82.46805238723755
0.103125 82.47541999816895
0.103125 82.4827938079834
0.09023437499999999 82.48934674263
0.103125 82.49675750732422
0.09023437499999999 82.50332236289978
0.103125 82.51069283485413
0.09023437499999999 82.51724624633789
0.103125 82.52461314201355
0.103125 82.53201627731323
0.09023437499999999 82.53856992721558
0.103125 82.54593634605408
0.103125 82.55330777168274
0.09023437499999999 82.55989170074463
0.103125 82.56725668907166
0.09023437499999999 82.57381081581116
0.09023437499999999 82.58036160469055
0.103125 82.58773040771484
0.103125 82.5950973033905
0.09023437499999999 82.60164904594421
0.09023437499999999 82.608229637146
0.103125 82.61559700965881
0.103125 82.62296342849731
0.09023437499999999 82.62951683998108
0.103125 82.63688349723816
0.103125 82.64424800872803
0.103125 82.65161275863647
0.09023437499999999 82.6581642627716
0.09023437499999999 82.66471600532532
0.09023437499999999 82.67127323150635
0.09023437499999999 82.6778302192688
0.09023437499999999 82.68438649177551
0.09023437499999999 82.69094681739807
0.09023437499999999 82.69750332832336
0.103125 82.70487141609192
0.103125 82.71223998069763
0.09023437499999999 82.7187979221344
0.103125 82.7261643409729
0.09023437499999999 82.7327470779419
0.103125 82.74011635780334
0.103125 82.74748611450195
0.09023437499999999 82.75403761863708
0.103125 82.76140713691711
0.103125 82.7687737941742
0.09023437499999999 82.77532458305359
0.09023437499999999 82.78187870979309
0.103125 82.78925204277039
0.103125 82.7966160774231
0.103125 82.80398654937744
0.103125 82.811363697052
0.09023437499999999 82.81792044639587
0.09023437499999999 82.82449793815613
0.09023437499999999 82.83107876777649
0.09023437499999999 82.83763074874878
0.09023437499999999 82.84418153762817
0.09023437499999999 82.85073518753052
0.103125 82.85810327529907
0.09023437499999999 82.86465430259705
0.103125 82.87202453613281
0.103125 82.87939381599426
0.103125 82.88675951957703
0.09023437499999999 82.89331483840942
0.09023437499999999 82.89987182617188
0.09023437499999999 82.90642166137695
0.09023437499999999 82.91297674179077
0.09023437499999999 82.91952729225159
0.09023437499999999 82.92607855796814
0.103125 82.93347334861755
0.09023437499999999 82.9400281906128
0.09023437499999999 82.94657945632935
0.103125 82.95394825935364
0.103125 82.96131563186646
0.09023437499999999 82.96786785125732
0.09023437499999999 82.97441840171814
0.09023437499999999 82.9809787273407
0.09023437499999999 82.98753380775452
0.09023437499999999 82.9940857887268
0.09023437499999999 83.00067329406738
0.07734374999999999 83.0064115524292
0.103125 83.01377964019775
0.103125 83.02114677429199
0.09023437499999999 83.02769994735718
0.103125 83.0351026058197
0.09023437499999999 83.04165887832642
0.09023437499999999 83.04824233055115
0.09023437499999999 83.05479764938354
0.103125 83.0621657371521
0.09023437499999999 83.06871771812439
0.09023437499999999 83.075514793396
0.09023437499999999 83.08393716812134
0.09023437499999999 83.090500831604
0.09023437499999999 83.09705638885498
0.09023437499999999 83.10361242294312
0.103125 83.11098670959473
0.09023437499999999 83.1175422668457
0.09023437499999999 83.12409806251526
0.09023437499999999 83.13071823120117
0.09023437499999999 83.13727235794067
0.09023437499999999 83.14383101463318
0.09023437499999999 83.15038895606995
0.103125 83.15775561332703
0.09023437499999999 83.16430640220642
0.09023437499999999 83.17086338996887
0.09023437499999999 83.17743754386902
0.09023437499999999 83.1839907169342
0.09023437499999999 83.19095945358276
0.103125 83.19835710525513
0.09023437499999999 83.2049412727356
0.09023437499999999 83.21151661872864
0.09023437499999999 83.21807360649109
0.09023437499999999 83.22462582588196
0.09023437499999999 83.23118281364441
0.09023437499999999 83.23777532577515
0.09023437499999999 83.24431991577148
0.09023437499999999 83.25091004371643
0.09023437499999999 83.25747442245483
0.103125 83.26484370231628
0.103125 83.27220940589905
0.07734374999999999 83.27797365188599
0.09023437499999999 83.28453373908997
0.09023437499999999 83.29109168052673
0.09023437499999999 83.2976484298706
0.07734374999999999 83.3033881187439
0.103125 83.31076192855835
0.103125 83.31813192367554
0.09023437499999999 83.32468891143799
0.103125 83.3320906162262
0.103125 83.33946514129639
0.09023437499999999 83.34602403640747
0.09023437499999999 83.35258626937866
0.09023437499999999 83.35914635658264
0.09023437499999999 83.36570167541504
0.09023437499999999 83.37226057052612
0.09023437499999999 83.3788230419159
0.09023437499999999 83.38537907600403
0.09023437499999999 83.39193630218506
0.09023437499999999 83.39849519729614
0.09023437499999999 83.4050498008728
0.09023437499999999 83.41161441802979
0.09023437499999999 83.41817045211792
0.09023437499999999 83.4247260093689
0.103125 83.4321219921112
0.103125 83.43949556350708
0.09023437499999999 83.44604921340942
0.09023437499999999 83.45260620117188
0.07734374999999999 83.45835566520691
0.103125 83.4657256603241
0.103125 83.47313499450684
0.09023437499999999 83.47969603538513
0.09023437499999999 83.48625564575195
0.09023437499999999 83.49281549453735
0.07734374999999999 83.49856424331665
0.09023437499999999 83.50515294075012
0.09023437499999999 83.51171541213989
0.09023437499999999 83.51827621459961
0.07734374999999999 83.52402019500732
0.103125 83.53139686584473
0.09023437499999999 83.5379867553711
0.09023437499999999 83.54454851150513
0.103125 83.55192399024963
0.07734374999999999 83.5576684474945
0.09023437499999999 83.56422257423401
0.09023437499999999 83.57078433036804
0.09023437499999999 83.57734179496765
0.09023437499999999 83.58392810821533
0.09023437499999999 83.59048676490784
0.09023437499999999 83.59704208374023
0.09023437499999999 83.60359692573547
0.09023437499999999 83.61015820503235
0.09023437499999999 83.61671209335327
0.09023437499999999 83.6232385635376
0.07734374999999999 83.62896370887756
0.09023437499999999 83.63554406166077
0.09023437499999999 83.64209461212158
0.09023437499999999 83.64864468574524
0.09023437499999999 83.65519165992737
0.09023437499999999 83.66174864768982
0.07734374999999999 83.66748905181885
0.09023437499999999 83.67403817176819
0.07734374999999999 83.67977666854858
0.09023437499999999 83.68632483482361
0.09023437499999999 83.69287991523743
0.09023437499999999 83.6994309425354
0.09023437499999999 83.70597839355469
0.09023437499999999 83.71253490447998
0.09023437499999999 83.71909046173096
0.09023437499999999 83.72564005851746
0.09023437499999999 83.73219275474548
0.07734374999999999 83.73796105384827
0.09023437499999999 83.74450945854187
0.07734374999999999 83.75024366378784
0.09023437499999999 83.75679063796997
0.09023437499999999 83.76334238052368
0.09023437499999999 83.76989316940308
0.07734374999999999 83.77562856674194
0.09023437499999999 83.7821786403656
0.07734374999999999 83.78791308403015
0.09023437499999999 83.79446029663086
0.07734374999999999 83.8001971244812
0.09023437499999999 83.80674457550049
0.09023437499999999 83.8132996559143
0.09023437499999999 83.81988573074341
0.07734374999999999 83.82561922073364
0.09023437499999999 83.83216762542725
0.09023437499999999 83.83874320983887
0.09023437499999999 83.84529137611389
0.09023437499999999 83.85183930397034
0.07734374999999999 83.85757780075073
0.09023437499999999 83.86412358283997
0.09023437499999999 83.87070274353027
0.07734374999999999 83.87643623352051
0.07734374999999999 83.88217353820801
0.09023437499999999 83.8887243270874
0.07734374999999999 83.89445805549622
0.09023437499999999 83.90100932121277
0.09023437499999999 83.90758562088013
0.09023437499999999 83.91414475440979
0.09023437499999999 83.92069840431213
0.07734374999999999 83.92643284797668
0.07734374999999999 83.93217182159424
0.09023437499999999 83.93875408172607
0.09023437499999999 83.945303440094
0.09023437499999999 83.95185875892639
0.09023437499999999 83.95840787887573
0.07734374999999999 83.9641420841217
0.07734374999999999 83.96988415718079
0.09023437499999999 83.97643375396729
0.07734374999999999 83.98217391967773
0.09023437499999999 83.98872494697571
0.09023437499999999 83.9952700138092
0.07734374999999999 84.00100994110107
0.09023437499999999 84.00756120681763
0.09023437499999999 84.0141134262085
0.09023437499999999 84.02069067955017
0.07734374999999999 84.02642607688904
0.09023437499999999 84.03297686576843
0.07734374999999999 84.0387396812439
0.07734374999999999 84.0444712638855
0.07734374999999999 84.0504162311554
0.09023437499999999 84.05697655677795
0.07734374999999999 84.0627498626709
0.09023437499999999 84.06930994987488
0.07734374999999999 84.07504844665527
0.09023437499999999 84.08160591125488
0.07734374999999999 84.0873441696167
0.09023437499999999 84.09393358230591
0.09023437499999999 84.10049271583557
0.09023437499999999 84.10704779624939
0.09023437499999999 84.11360383033752
0.07734374999999999 84.11934566497803
0.09023437499999999 84.12590003013611
0.09023437499999999 84.13243818283081
0.07734374999999999 84.13818740844727
0.09023437499999999 84.14476490020752
0.07734374999999999 84.15050458908081
0.09023437499999999 84.15705490112305
0.09023437499999999 84.16360926628113
0.07734374999999999 84.16934847831726
0.07734374999999999 84.17508292198181
0.09023437499999999 84.18163585662842
0.07734374999999999 84.18736910820007
0.09023437499999999 84.19395065307617
0.09023437499999999 84.20049929618835
0.09023437499999999 84.20704746246338
0.09023437499999999 84.21360278129578
0.09023437499999999 84.22015166282654
0.09023437499999999 84.22670030593872
0.09023437499999999 84.23324775695801
0.07734374999999999 84.23903965950012
0.09023437499999999 84.2455894947052
0.09023437499999999 84.25213718414307
0.07734374999999999 84.25787377357483
0.07734374999999999 84.26360702514648
0.09023437499999999 84.27015900611877
0.07734374999999999 84.27589774131775
0.09023437499999999 84.28267741203308
0.07734374999999999 84.28842282295227
0.07734374999999999 84.29415917396545
0.09023437499999999 84.3007140159607
0.07734374999999999 84.30645179748535
0.09023437499999999 84.3130111694336
0.09023437499999999 84.3195641040802
0.09023437499999999 84.32611417770386
0.09023437499999999 84.3326632976532
0.09023437499999999 84.33924388885498
0.09023437499999999 84.34579133987427
0.07734374999999999 84.3515317440033
0.09023437499999999 84.35809111595154
0.07734374999999999 84.36383175849915
0.09023437499999999 84.37038373947144
0.07734374999999999 84.37611746788025
0.07734374999999999 84.38185715675354
0.09023437499999999 84.38841414451599
0.09023437499999999 84.3949613571167
0.07734374999999999 84.4007019996643
0.07734374999999999 84.40643239021301
0.09023437499999999 84.41298961639404
0.07734374999999999 84.41872429847717
0.07734374999999999 84.42445850372314
0.09023437499999999 84.43100953102112
0.07734374999999999 84.43674325942993
0.09023437499999999 84.44329071044922
0.07734374999999999 84.44910168647766
0.09023437499999999 84.45565128326416
0.07734374999999999 84.46139693260193
0.09023437499999999 84.46794843673706
0.09023437499999999 84.47449684143066
0.09023437499999999 84.48104596138
0.09023437499999999 84.48759889602661
0.09023437499999999 84.49415373802185
0.07734374999999999 84.49989295005798
0.07734374999999999 84.50562834739685
0.09023437499999999 84.51234245300293
0.09023437499999999 84.51891756057739
0.09023437499999999 84.52547240257263
0.09023437499999999 84.53202819824219
0.09023437499999999 84.53861403465271
0.09023437499999999 84.54516959190369
0.07734374999999999 84.55091214179993
0.07734374999999999 84.55665230751038
0.09023437499999999 84.56320810317993
0.09023437499999999 84.5697648525238
0.09023437499999999 84.57631635665894
0.09023437499999999 84.58287334442139
0.07734374999999999 84.58861255645752
0.07734374999999999 84.59435033798218
0.07734374999999999 84.60009217262268
0.07734374999999999 84.6058280467987
0.07734374999999999 84.61157250404358
0.09023437499999999 84.61812353134155
0.07734374999999999 84.623863697052
0.09023437499999999 84.63041806221008
0.07734374999999999 84.63615560531616
0.07734374999999999 84.64190626144409
0.09023437499999999 84.64844298362732
0.07734374999999999 84.65418601036072
0.07734374999999999 84.65992832183838
0.07734374999999999 84.66566920280457
0.07734374999999999 84.67140054702759
0.09023437499999999 84.67793154716492
0.07734374999999999 84.68366885185242
0.09023437499999999 84.6902220249176
0.09023437499999999 84.69679617881775
0.09023437499999999 84.70335602760315
0.07734374999999999 84.7090950012207
0.07734374999999999 84.71482992172241
0.07734374999999999 84.72057032585144
0.09023437499999999 84.72712278366089
0.09023437499999999 84.7336745262146
0.07734374999999999 84.73943662643433
0.09023437499999999 84.74598526954651
0.09023437499999999 84.7525384426117
0.07734374999999999 84.7582778930664
0.09023437499999999 84.76482486724854
0.07734374999999999 84.77058482170105
0.07734374999999999 84.77631974220276
0.07734374999999999 84.78205823898315
0.07734374999999999 84.78779339790344
0.09023437499999999 84.79434204101562
0.07734374999999999 84.80008101463318
0.07734374999999999 84.80581283569336
0.09023437499999999 84.81236672401428
0.07734374999999999 84.81810212135315
0.07734374999999999 84.82383561134338
0.07734374999999999 84.82957005500793
0.09023437499999999 84.83611726760864
0.09023437499999999 84.84269404411316
0.07734374999999999 84.8484296798706
0.07734374999999999 84.85416150093079
0.09023437499999999 84.86071395874023
0.07734374999999999 84.86644697189331
0.07734374999999999 84.8721821308136
0.07734374999999999 84.87791752815247
0.09023437499999999 84.8844621181488
0.07734374999999999 84.89019918441772
0.07734374999999999 84.8959310054779
0.07734374999999999 84.90166854858398
0.07734374999999999 84.90743827819824
0.07734374999999999 84.91317248344421
0.07734374999999999 84.91890835762024
0.09023437499999999 84.92545223236084
0.07734374999999999 84.9311876296997
0.07734374999999999 84.9369204044342
0.07734374999999999 84.94268155097961
0.07734374999999999 84.94841814041138
0.09023437499999999 84.95496463775635
0.07734374999999999 84.96070194244385
0.07734374999999999 84.96643328666687
0.09023437499999999 84.97298526763916
0.09023437499999999 84.97953271865845
0.07734374999999999 84.98526191711426
0.07734374999999999 84.99099802970886
0.07734374999999999 84.99672818183899
0.07734374999999999 85.00246143341064
0.07734374999999999 85.00821876525879
0.07734374999999999 85.01395559310913
0.07734374999999999 85.01969146728516
0.09023437499999999 85.02623963356018
0.09023437499999999 85.03278684616089
0.09023437499999999 85.03933262825012
0.09023437499999999 85.04589986801147
0.09023437499999999 85.05265808105469
0.07734374999999999 85.05840611457825
0.09023437499999999 85.06495952606201
0.07734374999999999 85.07070136070251
0.07734374999999999 85.07643675804138
0.09023437499999999 85.08299326896667
0.07734374999999999 85.08873152732849
0.07734374999999999 85.09446787834167
0.09023437499999999 85.10102438926697
0.09023437499999999 85.1075792312622
0.07734374999999999 85.11331605911255
0.07734374999999999 85.11905908584595
0.07734374999999999 85.1247968673706
0.07734374999999999 85.13053798675537
0.064453125 85.13546109199524